11777
3074
21004
3597
29710
22543
33814
13853
31262
15913
48689
32305
35380
564
16954
19004
26690
22097
12373
44634
5221
21609
20585
34924
4726
10874
21128
37001
21643
2187
45204
1180
15008
26277
19111
10410
45228
21168
18608
31922
29366
6842
49346
4804
7365
26822
21703
1226
21202
42708
10452
49366
10979
29422
19187
30966
4857
25343
2305
33026
11016
11024
7440
16658
3859
8474
4391
10029
38717
20287
49474
15171
9547
32086
2902
11608
18780
15708
17251
22374
11113
15230
27521
1410
4506
40347
5537
4525
36789
41404
12232
24014
462
4561
4563
11222
4055
11224
13273
33756
30685
4575
20449
16354
2019
17382
3054
20466
24567
33786
3068
21503
